7442632763
